7 22 8 15 14 20 6 23 13 11 4 25 5 12 18 2 17 3 9 16 19 1 10 24 21 
11 18 5 9 23 3 2 14 1 12 19 10 20 17 21 24 6 8 13 22 7 4 15 25 16 
10 4 19 17 21 8 22 25 16 15 23 3 24 9 13 1 7 12 14 11 2 18 6 20 5 
6 24 2 3 20 9 21 4 19 18 1 7 11 16 14 23 15 25 10 5 13 8 17 12 22 
1 25 16 12 13 10 7 5 24 17 15 6 8 22 2 4 20 19 21 18 9 11 3 23 14 
23 15 12 22 5 21 16 1 17 6 7 19 2 8 9 13 11 14 25 4 10 3 20 18 24 
9 10 13 24 7 4 11 12 15 22 21 20 3 1 16 5 18 2 8 23 25 14 19 17 6 
20 8 18 16 11 2 3 24 14 10 25 17 22 4 6 12 1 15 19 21 5 23 13 9 7 
25 2 4 6 3 5 19 8 7 20 12 18 13 14 23 17 10 9 22 24 15 16 21 11 1 
17 19 14 21 1 23 13 18 9 25 5 24 15 11 10 6 3 7 16 20 22 2 8 4 12 
16 14 20 8 15 13 18 11 6 19 24 1 12 7 22 25 9 23 4 10 17 21 5 3 2 
18 6 23 13 25 17 5 3 4 24 10 9 16 2 11 21 22 20 15 14 8 12 7 1 19 
2 5 22 19 4 1 12 15 21 9 13 23 18 25 3 8 24 6 7 17 16 20 14 10 11 
21 12 17 10 9 7 14 20 25 23 8 5 6 19 4 16 2 11 1 3 18 24 22 13 15 
3 11 7 1 24 16 8 22 10 2 17 21 14 15 20 18 19 13 5 12 23 9 25 6 4 
14 20 11 25 10 19 23 7 12 13 9 2 1 3 15 22 5 24 6 8 4 17 16 21 18 
19 3 21 23 12 6 15 9 2 4 18 14 25 24 5 20 13 16 17 7 11 22 1 8 10 
13 7 9 4 18 11 25 10 3 14 16 22 17 20 8 15 21 1 12 19 24 6 2 5 23 
24 1 6 2 16 22 17 21 8 5 11 13 10 23 19 14 25 4 18 9 3 7 12 15 20 
8 17 15 5 22 24 20 16 18 1 6 12 4 21 7 11 23 10 3 2 14 25 9 19 13 
12 23 3 14 2 18 1 17 5 8 22 11 19 10 24 9 16 21 20 13 6 15 4 7 25 
15 16 25 18 17 14 9 13 23 21 2 4 7 6 12 10 8 5 11 1 20 19 24 22 3 
4 9 24 20 8 12 10 19 22 16 3 15 21 5 25 7 14 18 23 6 1 13 11 2 17 
5 13 1 7 6 15 4 2 11 3 20 16 9 18 17 19 12 22 24 25 21 10 23 14 8 
22 21 10 11 19 25 24 6 20 7 14 8 23 13 1 3 4 17 2 15 12 5 18 16 9 
