0 9 2 6 7 0 10 4 0 11 1 15 5 0 16 12
0 0 13 3 14 0 0 6 0 0 0 0 0 11 0 0
0 15 0 10 9 3 0 12 0 0 0 0 0 8 0 0
11 0 0 0 0 0 0 0 5 0 9 2 0 0 10 0
8 0 0 5 4 11 12 0 0 0 0 0 0 10 0 0
15 0 0 16 0 7 0 9 0 0 0 0 0 0 6 0
0 0 0 2 0 0 0 0 3 4 16 5 0 0 0 0
0 13 0 0 0 6 1 0 11 0 0 8 0 15 12 0
0 10 15 0 2 0 0 14 0 6 13 0 0 0 5 0
0 0 0 0 8 10 6 1 0 0 0 0 12 0 0 0
0 11 0 0 0 0 0 0 14 0 7 0 16 0 0 9
0 0 6 0 0 0 0 0 0 15 2 16 10 0 0 8
0 7 0 0 12 14 0 8 0 0 0 0 0 0 0 3
0 0 8 0 0 0 0 0 7 0 3 6 4 0 11 0
0 0 3 0 0 0 0 0 16 0 0 12 8 5 0 0
4 6 0 15 5 13 16 0 8 14 0 11 2 12 7 0